100
1000
36 8.401877
15 7.830992
35 9.116474
42 3.352228
21 2.777747
27 4.773971
9 3.647845
26 9.522297
26 6.357117
36 1.416026
18 0.163006
29 1.372316
30 1.566791
23 1.297904
35 9.989245
2 5.129324
8 6.126398
17 6.375523
6 4.935830
42 2.925168
23 5.267450
19 4.002286
37 2.833147
24 8.077245
20 0.697553
26 5.259954
30 1.922138
23 8.902326
20 0.641713
31 4.577017
25 2.382800
27 9.022081
5 2.666658
29 3.752070
7 5.125354
45 5.316064
45 4.376376
17 9.308098
14 2.842934
0 6.399788
8 6.878614
28 4.401045
34 8.292011
1 2.289682
49 3.503602
10 9.564682
18 6.573040
12 4.395599
36 3.984367
39 6.842185
20 4.824907
28 9.502524
1 1.476600
2 6.410806
42 6.195965
6 7.860021
30 4.470336
41 1.875331
39 5.564438
19 1.696071
29 1.031712
17 4.954441
21 9.847516
25 6.844450
27 7.497709
6 2.941604
3 5.844885
15 1.523898
33 1.254749
24 1.641019
21 0.745298
29 0.525293
19 1.762107
18 7.977980
15 6.565636
49 6.394584
23 0.934805
45 5.202101
1 0.699064
5 4.614205
38 5.733186
28 0.519388
0 9.999936
0 8.899556
14 9.977990
14 8.705398
6 0.041616
41 5.938922
15 1.631315
36 9.130267
1 3.590954
28 5.794300
7 6.873874
21 5.308080
45 3.042952
37 5.769711
43 7.478093
28 0.354209
11 8.332385
29 8.732713
4 9.794341
13 9.033663
38 6.668803
40 1.639680
18 8.889487
38 6.497070
17 6.294797
46 7.006199
43 3.287770
33 0.741610
49 2.236564
25 5.106860
40 2.800420
39 7.192686
36 4.714834
32 9.443181
14 3.363511
7 4.345133
4 3.449430
11 8.332433
28 6.754760
43 4.819358
18 7.120873
22 6.218228
10 4.139837
1 6.739365
30 3.471159
5 6.091059
36 7.307293
26 7.404385
15 9.209144
16 6.531304
8 5.324410
37 2.604969
24 6.861249
36 1.112756
49 5.766905
0 6.665566
21 7.757673
31 3.296421
30 9.843632
44 8.273911
13 1.882010
31 9.586369
46 7.648714
23 1.211432
18 3.838319
45 9.430513
16 8.619171
40 7.936568
34 2.972884
42 9.096429
7 4.981439
6 1.627567
18 8.645790
12 4.636621
22 4.959774
9 1.804212
10 7.275503
37 6.031088
1 8.381336
22 1.782075
5 4.985255
49 1.382385
4 3.248070
11 9.084846
17 8.368278
28 4.960744
0 3.943272
8 6.088828
24 1.512300
19 1.078483
31 3.635983
34 3.313858
22 4.273277
0 5.835703
35 6.587467
49 4.874269
42 8.830366
13 5.177147
40 5.575606
40 8.299391
31 2.443270
36 7.293600
5 9.848446
4 8.975602
19 4.107879
26 7.832820
5 2.936781
42 8.655348
34 0.491625
5 9.864671
17 2.108829
13 8.651812
4 0.995593
9 3.017631
2 8.090953
6 0.515083
21 4.577156
18 6.920764
39 1.191113
8 5.786349
48 5.950453
8 3.042855
48 4.765846
33 6.097291
48 6.189254
4 2.336562
46 0.700902
29 9.237278
46 4.817334
47 8.267694
40 3.571931
33 3.442509
47 6.591461
42 2.574689
25 6.259641
46 3.081565
38 1.980206
29 1.097327
10 7.822623
21 2.003524
4 3.156580
27 2.309960
48 5.328460
2 5.553977
47 3.802147
43 3.054080
2 2.604448
3 5.523164
31 6.859863
38 6.978482
1 6.458890
34 5.329598
42 6.184468
27 5.185149
29 3.621543
14 8.018967
29 1.528758
35 0.635606
0 1.876164
21 7.003011
39 0.011255
38 3.052388
45 6.553681
44 1.811612
40 6.673405
40 6.533049
19 8.850142
32 1.571392
42 8.289573
17 9.041700
11 3.945213
9 8.689240
25 7.389594
17 2.331189
34 5.514429
26 4.944069
7 9.391292
18 8.141387
8 6.572009
36 9.358518
46 8.743094
44 6.377710
2 7.754214
29 2.627846
40 4.705642
20 7.954904
30 8.730214
43 4.124826
27 5.968990
36 5.385565
5 5.790215
40 7.009103
29 8.326091
19 1.126479
24 5.103490
41 8.143514
33 6.376564
38 1.439820
16 2.470325
34 0.174566
17 5.737212
10 5.826823
37 4.773614
9 0.587232
18 6.407663
33 2.226024
8 6.302432
37 7.379385
33 4.385618
28 9.526622
14 8.990861
29 3.335692
9 2.191361
38 9.498203
38 8.843178
33 1.837654
31 7.802240
8 9.047815
49 7.616124
39 3.318458
13 5.607845
44 6.221666
47 4.779609
12 6.538799
40 2.106916
41 8.654335
15 3.735558
7 6.465202
41 6.765540
1 0.588605
21 5.636174
40 0.189108
30 0.090734
25 6.014267
16 8.871970
2 1.730646
39 4.877207
4 6.390092
30 1.553364
21 8.822042
12 8.994313
29 4.758056
35 9.466405
4 8.656790
33 7.186663
9 1.840662
44 1.671654
11 6.261252
0 1.266692
10 9.469247
5 1.608244
49 4.618478
11 9.152206
34 6.142267
25 3.937461
14 4.365849
18 2.440687
18 5.661645
32 0.347164
32 8.139037
30 3.563830
24 0.356664
43 2.009469
3 6.997871
24 8.893434
13 3.414824
27 7.667012
25 6.987130
19 9.041871
32 7.524787
17 8.093707
35 5.911106
41 1.014542
43 2.441486
28 5.891186
41 8.895532
18 0.560222
36 4.690500
5 5.870112
8 5.845852
4 8.155490
11 5.265226
35 7.293977
23 2.641719
1 5.381753
0 9.315181
3 2.057142
6 4.009854
39 6.799037
20 4.433389
26 7.031863
27 2.145240
31 2.581117
10 0.161775
5 8.524112
18 3.214775
42 5.268302
46 2.502103
21 0.732357
34 8.898127
27 5.310327
40 9.589569
22 3.439595
30 0.439153
47 0.050762
30 2.928856
14 8.201462
22 4.674709
24 1.909835
35 9.233807
4 0.844110
43 7.113549
36 0.928584
28 8.674691
12 4.759474
33 7.775050
48 5.786126
24 7.437271
22 0.964041
35 9.464352
7 2.748965
47 8.097427
26 7.467303
18 1.733006
3 7.608620
33 9.811086
9 3.415397
6 4.565142
20 6.540287
8 6.004922
48 0.812650
26 1.369561
15 1.144590
21 5.824496
9 6.683255
10 3.123435
24 7.682056
39 0.382648
28 3.992999
3 4.526498
14 3.082469
39 0.054349
17 1.262219
23 0.841846
31 7.859323
22 9.102265
25 0.626739
29 5.270749
4 9.278658
31 3.879961
7 6.384094
31 5.394134
3 8.224258
33 9.215510
31 7.892437
15 3.818876
25 8.079593
22 7.472771
1 8.492716
32 7.144316
31 5.161386
15 5.024013
8 6.718408
49 7.559455
47 1.390008
26 1.958979
27 8.442813
37 1.840253
32 3.129895
16 8.884329
10 4.797771
11 1.997238
36 6.576430
30 2.219175
33 7.784627
26 1.421186
20 5.610074
25 8.734138
39 6.739961
40 8.325546
10 7.733009
43 5.904071
28 7.637638
21 2.842893
5 8.800087
25 1.789866
20 4.430426
3 6.475223
22 3.257115
0 6.076003
47 8.057890
26 3.987755
21 3.942387
49 5.996444
28 9.015486
48 8.812317
10 4.606516
27 2.924317
26 2.460712
2 3.011689
37 7.494432
49 4.858658
16 8.588660
17 2.931715
35 0.028278
48 2.887516
45 6.504907
5 1.754131
28 9.597164
28 1.129643
43 2.072567
47 5.361146
22 4.658348
45 8.923238
25 4.052674
33 8.379859
27 6.736482
21 3.471963
34 4.572397
34 7.170916
9 5.411396
7 2.686842
11 6.933703
22 2.363598
16 2.191549
0 5.143517
32 3.435200
17 0.943199
23 8.790126
6 5.212608
14 1.801363
13 4.389904
22 6.830983
37 3.862987
28 4.265545
30 6.004055
6 1.092334
41 1.593244
2 3.131870
11 4.556904
17 7.450083
33 9.587535
12 0.205084
6 8.978831
17 0.397170
39 1.838009
4 7.783906
25 0.736379
41 4.089780
38 6.018269
36 5.633267
6 8.032267
10 0.713220
14 4.751639
14 3.582353
36 9.168509
39 9.008964
35 1.917719
21 9.286777
40 8.209257
9 5.087989
23 1.882481
35 6.275178
45 7.486784
13 7.218224
48 8.720285
5 5.527376
43 9.577094
6 6.378062
33 0.085686
36 3.637275
8 0.992851
40 8.010239
31 1.860285
40 3.807120
0 6.980963
4 0.116807
14 1.767003
24 1.482303
19 6.756944
44 2.758840
38 1.552019
26 2.229780
19 4.526812
43 5.457844
6 8.568258
25 3.866693
11 1.741357
12 2.471679
29 9.173948
18 3.671185
2 5.173907
7 5.018353
16 0.179977
27 6.194698
22 5.201183
7 2.414149
25 7.239753
47 7.882314
18 3.251771
3 6.379062
24 2.435277
43 1.381137
48 2.122687
30 7.778277
9 0.131615
10 7.451544
24 5.237454
30 2.246433
2 8.970553
30 2.354351
33 7.394667
40 0.924937
23 9.412429
7 6.400985
31 2.147409
20 4.484228
40 3.025801
41 8.759320
20 9.718181
17 6.445122
21 7.987059
43 5.155318
49 6.366563
38 8.641943
36 5.842881
32 9.508853
10 5.764794
30 7.871969
13 9.241041
29 7.841422
49 7.052999
1 5.971135
14 8.191016
30 5.227289
15 1.268052
15 7.758994
31 5.569077
34 2.479623
37 0.316064
37 7.272757
43 2.117859
42 9.396493
44 7.215400
39 3.059875
13 1.541415
3 7.844890
19 3.226947
4 8.673215
49 8.546481
19 9.327162
35 5.572914
3 9.069644
0 0.000469
2 3.077632
12 2.670832
10 6.475477
10 7.131999
11 2.671344
29 3.140432
16 0.803840
21 6.632516
5 3.276260
29 2.464757
28 1.277427
47 5.849979
45 0.825770
37 7.690745
1 2.564885
36 1.444680
26 8.007746
44 5.992907
6 8.904203
42 0.355193
14 7.472306
20 7.306765
16 8.177471
4 6.924877
37 3.798744
34 3.403206
12 0.400871
17 5.680760
15 0.676078
8 1.122053
45 1.062719
22 8.883481
45 6.682245
9 3.553687
26 8.001294
21 7.161995
25 7.404505
22 3.749745
39 8.408041
16 7.035707
12 0.064256
46 7.282957
33 9.692098
36 1.691767
20 6.335222
18 3.609139
41 5.380554
39 6.468405
13 7.369008
40 7.649246
2 3.930973
31 0.843902
7 9.280002
21 6.917453
33 5.268270
25 9.894828
40 4.392073
22 5.797653
34 0.141502
25 4.452347
2 0.303240
22 3.874663
39 0.554106
33 7.746593
11 0.365160
42 3.293417
39 0.207081
44 5.631611
30 8.730966
44 7.175124
7 6.502224
10 9.331762
42 4.247737
26 4.978468
40 2.618834
35 0.865962
48 7.492300
41 8.605868
20 5.083694
40 5.969521
1 1.748300
0 9.744987
9 3.400256
40 1.442463
13 7.925662
4 6.130458
6 5.687540
23 5.322183
49 0.591633
30 4.324516
4 9.731466
36 6.132541
25 9.931104
41 5.270173
7 1.090870
31 0.463652
19 0.502633
3 4.794551
27 5.585237
19 6.034111
31 4.854601
18 7.938785
39 7.626787
38 0.477418
44 3.561620
30 1.428888
36 9.992412
2 0.516852
48 2.299838
10 4.938313
29 7.026719
16 6.229878
25 5.610604
28 1.432241
16 7.261443
48 4.706740
22 9.630921
36 2.658183
9 5.906494
0 5.476130
47 7.937534
3 2.761199
1 4.466446
48 7.853462
4 9.065075
6 0.156992
3 8.193740
34 3.621147
47 7.411299
33 5.000186
10 2.519740
14 6.788784
47 2.352452
47 9.408370
29 2.582569
13 7.727059
34 1.789517
14 8.450050
25 3.766308
36 3.022248
26 9.095287
16 8.923178
19 9.566111
9 1.093372
15 7.597713
33 1.650152
26 5.800484
13 2.268114
0 7.885904
36 6.411881
13 6.560984
8 0.988576
16 4.627199
32 4.606465
40 5.742137
26 1.224891
15 0.807953
49 2.126451
46 2.692394
3 7.351474
3 9.313380
42 0.407559
34 7.440562
10 3.266799
19 4.352158
15 5.794939
46 3.817621
32 9.263644
1 6.222140
11 6.838328
37 1.498821
11 6.801701
31 8.211288
38 2.680837
20 2.147974
43 1.193788
28 9.033936
8 6.575217
42 4.277020
46 1.800963
16 9.520697
0 9.542321
37 4.379416
32 1.783139
0 2.676073
33 2.565834
30 6.684686
43 6.481668
4 8.295687
44 5.799655
23 9.194815
1 1.905015
23 8.594790
15 4.703248
31 8.322248
33 1.500988
27 4.100113
14 1.181264
19 9.849274
7 9.081086
41 1.585870
11 6.700241
37 1.014455
36 3.166530
39 2.344413
20 9.753803
21 5.959627
18 9.767978
34 0.139049
14 7.426226
47 0.975437
17 6.304243
35 9.970524
40 3.555079
32 0.449910
29 2.345144
40 4.283085
47 0.306337
49 2.227293
22 4.607683
18 2.439051
5 6.110934
16 6.020303
36 2.953094
10 0.350138
20 4.620650
4 9.306534
33 6.401126
21 8.410400
47 9.096856
27 2.592370
28 0.896090
20 0.487385
48 2.172996
13 4.675293
10 7.286385
16 1.142164
23 5.513021
42 9.276231
35 3.321820
13 8.845434
12 0.951945
45 8.867363
10 7.429026
26 7.309275
23 6.138073
37 7.967882
23 6.777101
31 8.236589
29 1.169945
44 5.730774
30 0.026226
9 1.853649
47 4.035406
16 4.005361
9 0.756249
42 5.299697
1 1.002764
21 9.061264
8 1.444823
22 4.957672
5 6.272185
40 4.617058
21 1.380820
3 1.999382
20 5.765529
42 1.007095
12 4.603094
7 1.331002
8 3.990623
44 5.995727
8 8.187159
40 6.455065
26 5.462484
23 7.621714
15 1.886869
21 4.490203
9 5.504939
0 1.208339
36 1.960908
33 9.436523
6 0.937877
10 3.518193
31 3.304362
28 4.179471
46 0.185558
8 2.041857
10 1.470622
15 7.562642
17 4.013250
26 3.840413
38 7.763741
5 4.059173
12 7.437878
32 0.154439
11 8.475233
7 7.125223
47 0.034581
38 4.954080
39 5.492610
20 0.633928
42 9.308749
42 4.050887
33 1.172706
43 7.712476
0 6.797884
35 1.086076
20 9.883506
40 7.830305
47 0.412760
33 6.720169
44 7.575706
30 8.301103
13 4.488808
20 0.949230
38 2.388733
42 5.659587
22 4.258943
35 2.476853
44 1.324002
8 0.617606
2 1.742219
34 2.683511
37 6.848930
7 8.947108
2 8.498560
48 6.149684
36 9.512670
40 3.684552
1 7.705968
6 3.982897
4 6.216940
22 1.792183
32 9.352958
38 5.907531
37 4.458365
20 8.798846
44 8.228818
14 7.826309
32 1.996173
19 2.339438
15 2.440695
34 6.568998
49 2.939908
4 5.954843
36 4.887331
42 0.740577
8 9.580223
23 1.580153
21 6.801797
19 9.610141
10 4.012820
2 7.460745
47 9.891344
39 7.319385
39 2.060471
17 2.382248
25 8.147945
11 6.454530
28 9.204795
27 1.733728
26 2.347112
11 5.196397
33 5.007066
