1000
840.187744 394.382935 920.666687 476.242554
911.647400 197.551376 951.817444 276.692047
277.774719 553.969971 330.740448 620.568359
364.784485 513.400940 460.485168 605.858521
635.711731 717.296936 658.455933 781.924133
16.300571 242.886765 38.651413 325.262665
156.679092 400.944397 178.360229 420.737183
998.924500 218.256912 1055.088379 303.777008
612.639832 296.031616 680.019531 353.217468
493.583008 972.775024 529.909546 1052.197266
526.744934 769.913879 572.765503 860.151550
283.314728 352.458344 366.009949 445.170715
69.755280 949.327026 127.094864 967.072021
192.213852 663.226929 282.334778 704.627319
64.171318 20.023048 115.364471 35.701675
238.279953 970.634094 329.478699 1057.216919
266.665771 539.760376 310.434387 618.182739
512.535400 667.723755 570.380005 681.258972
437.637604 931.835083 531.410461 1006.720825
284.293427 738.534302 351.891541 780.398682
687.861389 165.974167 737.470825 255.180939
829.201111 330.337128 859.808228 420.740662
350.360199 686.669861 446.442322 749.647461
657.304077 858.676331 706.864441 951.833618
398.436676 814.766907 470.016357 906.754395
482.490662 215.824966 578.013367 308.636505
147.660019 881.062134 215.357269 929.937927
619.596497 281.059418 700.336670 318.730621
447.033569 226.106628 473.911560 260.967743
556.443726 416.501282 581.708374 508.113647
103.171188 126.075340 157.761154 204.518112
984.751648 935.003967 1056.351685 979.490906
749.770874 368.663544 786.245300 399.567078
584.488525 244.412735 608.203613 320.306091
125.474899 793.470398 150.244080 870.526855
74.529800 950.104065 89.257431 1007.044739
176.210663 240.062378 258.012482 316.001282
656.563660 967.405151 724.114929 1045.781250
93.480476 134.902420 150.299377 151.943314
69.906395 204.655075 121.434235 288.426025
573.318604 755.580872 587.993103 779.783508
999.993591 204.328613 1090.089600 225.620773
997.798950 54.057575 1086.147583 70.567169
4.161609 923.069092 67.611900 949.302612
163.131500 391.690216 255.303894 475.462769
359.095367 552.485046 421.244080 603.216858
687.387390 99.640060 745.160095 177.796509
304.295166 992.228455 366.222565 1081.213745
747.809265 628.909973 760.997131 706.212219
833.238525 925.376526 921.832947 1010.169922
979.434143 743.811218 1070.737061 842.334839
666.880310 497.258514 691.637451 581.959595
888.948730 76.994682 957.422363 109.318649
629.479736 229.136978 702.535522 267.655029
328.777039 231.427948 345.451538 298.404449
223.656418 651.132080 279.618164 748.563965
280.042023 546.106873 354.776184 566.302124
471.483429 592.539917 566.472046 643.122498
336.351135 847.684448 385.457336 857.975281
344.942963 598.481323 429.934875 629.531555
675.475952 482.950256 728.850159 520.396240
712.087280 182.555801 778.051331 196.233582
413.983734 695.983765 484.638000 763.371399
347.115875 184.622467 411.935425 251.066681
730.729370 328.374451 807.368835 356.573608
920.914368 684.756531 989.696106 717.910400
532.440979 87.643631 565.885681 176.608185
686.124939 93.740242 706.139771 136.284332
576.690491 593.211487 646.680603 629.201477
775.767273 288.379395 815.435059 315.456970
984.363220 3.578574 1068.828369 43.411690
188.201035 436.497009 284.478363 529.200745
764.871399 699.075378 785.774292 770.796082
383.831940 774.273499 478.706543 866.738037
861.917114 203.548218 943.346252 262.872009
297.288452 904.932495 389.156311 993.590576
498.143921 576.199524 522.792053 610.851562
864.578979 492.398834 916.308594 578.803650
495.977417 291.053284 522.215332 362.629333
727.550293 139.058197 791.830078 193.376160
838.133545 724.252014 864.172241 754.228882
498.525482 121.258781 520.966919 163.698608
324.806976 931.895325 416.570587 997.883911
836.827759 818.127625 891.474487 858.275085
394.327148 658.831177 459.126587 692.132751
151.229980 72.545006 170.936325 140.793671
363.598297 288.269531 403.423035 306.472900
427.327728 934.494690 489.849060 968.386230
658.746643 761.777832 712.615051 785.932312
883.036621 625.665283 939.630920 654.371216
557.560608 426.199371 642.255127 471.694336
244.326996 326.013489 319.969391 393.492371
984.844604 338.242920 1075.625000 360.489624
410.787933 5.408548 491.283325 85.103310
293.678070 114.667809 381.576202 189.558319
49.162460 449.105103 147.944504 522.816895
210.882919 473.893982 298.749237 492.346741
99.559303 382.895935 136.717987 452.036743
809.095337 131.702133 823.731079 146.510132
457.715607 780.868347 530.002502 830.698792
119.111282 589.636658 181.188416 647.327576
595.045288 361.916840 632.430969 451.901947
476.584656 169.820267 541.460266 227.137512
618.925415 596.196228 649.954468 680.878967
70.090202 98.837418 163.225708 124.105873
481.733337 225.490906 566.142578 261.665497
357.193054 878.277710 398.175629 961.619507
659.146057 36.327400 692.318237 116.370560
625.964111 836.103760 663.698181 865.994629
198.020599 612.442017 217.896545 683.156494
782.262268 719.461792 810.294006 765.568665
315.658020 434.008575 346.447662 478.725922
532.845947 154.723770 592.831726 166.035919
380.214661 382.167175 417.701385 458.533875
260.444855 649.658997 320.153320 742.422180
685.986328 809.785278 758.792664 847.860840
645.889038 6.004773 703.855408 91.956642
618.446777 642.692505 675.113098 688.756348
362.154327 718.867249 444.325012 789.870361
152.875793 32.892651 168.596252 104.607620
187.616409 618.958374 260.643494 680.063171
1.125480 5.709142 38.596973 39.250469
655.368103 857.555237 681.672607 898.277161
667.340515 879.009399 736.137939 917.200073
885.014221 186.264786 909.156738 241.576279
828.957336 675.654053 920.332642 702.854126
394.521301 706.066711 482.724457 765.332458
738.959351 932.484619 769.940063 1025.876465
551.442932 933.419983 605.939575 993.151123
939.129150 799.645752 1022.401611 863.150513
657.200928 995.299927 751.427612 1034.508667
874.309387 589.156677 941.708740 667.495789
775.421448 794.910156 809.072083 859.304260
470.564209 166.954605 552.158325 254.812302
873.021362 664.414429 920.144775 729.492676
596.899048 645.601501 655.369141 668.952271
579.021484 32.963394 652.103394 89.596954
832.609131 515.049072 852.747437 569.131958
510.349030 48.499680 593.640625 93.118935
637.656372 452.122375 660.614746 499.299377
247.032532 406.766571 258.603638 481.350281
573.721191 812.947021 636.162598 863.153870
477.361420 995.164856 492.646515 1011.848267
640.766296 597.279785 670.800537 627.060669
630.243164 923.512695 706.657654 975.169373
438.561798 850.586487 534.301392 945.988464
899.086121 767.013672 939.107361 825.320496
219.136063 477.551208 314.619904 529.506409
884.317810 967.276917 910.856689 1018.500427
780.223938 766.447632 871.654297 799.630310
761.612427 963.504761 801.478516 1009.718872
560.784546 554.448181 626.779541 581.640686
477.960876 360.105133 546.810059 452.592163
210.691559 606.542175 298.580566 626.422180
373.555847 199.002731 441.742676 262.345001
676.553955 596.340515 691.851379 656.818970
563.617432 242.625839 575.319397 283.571564
9.073436 923.692261 73.201836 1003.053955
887.197021 933.272522 912.772827 983.590881
487.720703 795.231262 555.231506 892.142578
155.336380 292.889130 244.734772 335.831635
899.431274 747.637756 952.253784 782.206604
946.640503 122.325813 1034.551636 188.413315
718.666321 924.539490 745.232300 959.945007
167.165359 202.976974 233.516632 228.838470
126.669243 227.551880 221.892456 238.799835
160.824417 119.989319 212.390717 188.358383
915.220581 100.856972 980.500977 117.207100
393.746063 496.430969 443.038696 532.816956
244.068726 912.390503 305.023529 939.554321
34.716358 431.843506 117.967697 509.647949
356.383026 997.969849 369.593018 1055.089233
200.946869 661.791565 273.927704 701.277039
889.343445 646.711853 930.076843 661.226990
766.701172 803.330200 839.585327 874.703125
904.187134 312.939697 981.910217 349.753693
809.370667 189.063614 872.570618 203.873154
101.454155 157.275101 133.427536 179.530441
589.118591 58.052284 679.178345 153.147430
56.022179 925.219666 108.236679 958.346863
587.011230 168.837158 649.623901 221.709076
815.549011 926.067505 872.936035 988.470032
729.397705 225.235565 763.173157 292.258209
538.175293 16.650581 632.011902 57.929718
205.714203 522.628662 251.802887 560.273804
679.903748 645.133972 729.804260 679.346008
703.186279 332.892059 732.493408 411.220825
258.111694 683.574036 269.567657 769.635071
852.411133 600.762695 891.344116 670.879089
526.830200 848.000122 559.349121 881.060608
73.235664 514.382202 163.318817 579.409180
531.032715 821.330811 627.338867 897.638062
343.959442 359.942230 357.911804 372.089905
5.076203 487.254181 41.435905 560.997803
820.146179 507.409576 872.218567 524.452759
190.983551 483.648346 284.087830 497.553864
84.410995 244.858307 158.432922 309.869995
92.858406 961.565186 180.930634 986.513672
475.947357 757.281799 555.922791 767.910034
578.612549 736.461853 655.547974 829.493347
96.404121 787.642334 191.583282 806.775574
274.896545 239.320786 357.773376 257.874634
746.730347 277.213623 772.327393 371.607880
760.862000 96.681389 859.161743 182.755951
341.539673 692.463440 392.625946 741.559265
654.028625 323.983246 718.072937 345.681091
81.265030 377.997162 103.591080 447.386139
114.459030 880.683167 176.879486 909.660828
668.325562 528.884827 706.436462 623.774841
768.205627 122.086250 781.649475 178.430481
399.299896 211.565460 450.038391 235.980026
308.246857 433.758423 318.735992 502.239197
126.221878 461.949066 143.798492 542.171631
785.932312 684.676819 877.852722 772.724609
62.673950 47.182606 120.110695 73.124573
927.865784 109.524582 972.785461 173.181808
638.409424 700.339600 696.956604 746.934937
822.425842 577.678284 915.365417 607.633606
789.243713 374.200836 833.613586 392.974976
807.959229 387.322540 885.214172 481.398834
849.271606 831.461792 923.570435 898.630127
516.138550 624.658142 571.354675 686.751282
671.840759 29.476223 749.875854 93.449814
139.000809 143.941620 166.631622 223.908539
844.281250 735.311279 870.843506 805.314941
312.989532 105.576302 402.948486 124.777298
479.777130 270.320496 507.752289 306.216766
657.643005 947.000977 687.615601 1002.623291
778.462708 936.349243 801.253357 972.863342
561.007385 644.519836 649.614624 675.476196
673.996094 629.359314 758.926025 712.529053
773.300964 28.452538 836.437622 94.034935
763.763855 774.432434 799.349915 791.340210
880.008667 172.722137 906.117493 215.102859
443.042633 378.710480 511.319641 397.772186
325.711456 869.439758 390.395477 888.815430
805.789001 749.718933 851.678772 792.730591
394.238739 272.189301 458.206726 288.330444
901.548645 432.199127 990.859497 502.935608
460.651642 471.638794 496.970490 501.836182
246.071198 576.721008 283.176392 598.068176
749.443176 480.155487 803.171082 507.479218
858.865967 133.388016 895.251404 159.999985
2.827794 900.771790 38.815437 983.547302
650.490723 687.527100 676.277893 701.552734
959.716370 775.057556 979.883179 862.571411
207.256668 994.195984 265.506989 1064.307739
465.834778 828.546326 556.143921 902.617859
405.267365 193.492661 490.686096 217.416611
673.648193 323.851654 714.895874 381.777924
457.239655 640.367798 531.777893 691.773865
541.139587 5.843192 575.321167 33.089920
693.370300 444.097351 724.642700 512.875122
219.154892 349.324066 275.446533 397.701111
343.520050 50.466267 362.008850 133.308197
879.012573 986.643677 935.926025 1022.228882
180.136337 359.246674 229.645477 446.087280
683.098328 786.186768 727.865234 808.817200
426.554535 103.390228 490.591034 200.482697
109.233421 869.089661 133.572617 951.323975
313.187012 395.684204 364.199158 453.594971
745.008301 970.042114 841.296143 988.009644
20.508352 53.073330 111.317833 144.030212
39.717014 419.143890 66.259094 448.930695
778.390564 622.791260 795.017944 674.325256
408.978058 459.936493 473.142487 545.134399
563.326721 202.232330 645.617126 272.762756
71.322006 962.551147 124.086754 1007.156982
358.235291 930.854248 450.751892 950.146179
900.896362 875.604309 928.155823 968.530762
928.677673 89.654991 1012.560974 186.810516
508.798889 4.726513 535.741211 40.573566
627.517822 261.885925 704.898865 275.170563
721.822449 350.505249 810.304993 386.168671
552.737610 675.255127 648.931458 741.420471
637.806213 432.873230 648.577393 532.516968
363.727478 925.419495 382.663147 959.235657
801.023926 291.056976 827.766479 366.730103
380.711975 6.954181 453.540649 97.010155
11.680695 886.344299 37.583725 953.872192
148.230255 925.378662 219.042755 1013.683411
275.883972 547.722839 299.852142 632.298767
222.977966 112.911209 273.719269 200.381790
545.784424 461.249756 632.898743 553.105835
386.669281 956.110901 412.341492 983.003296
247.167877 360.164276 339.733398 426.673462
367.118469 615.491028 423.683624 659.582947
501.835358 694.091064 513.455139 762.596985
619.469788 693.692078 676.280457 784.273926
241.414902 675.320129 316.572693 727.115479
788.231384 176.656418 827.497314 216.717834
637.906189 182.002853 669.823669 194.214645
138.113739 417.663422 167.217926 462.338776
777.827759 129.663391 789.012268 152.708542
745.154358 530.552185 802.291443 562.781250
224.643265 541.743042 315.378235 627.713196
235.435104 417.173584 311.987122 470.090088
92.493736 463.441986 187.205597 552.707275
640.098450 266.419983 669.425110 301.440399
448.422852 458.268555 485.655060 521.056824
875.932007 514.848816 973.395630 583.687195
644.512207 984.979614 726.395752 1030.049561
515.531860 322.451233 582.830933 399.066986
864.194275 533.711670 926.780212 552.678284
950.885315 323.754852 1012.768433 337.658966
787.196899 517.722229 880.366272 566.178833
784.142212 138.844955 857.619202 169.775818
597.113464 7.880084 680.832642 60.454182
522.728882 790.919800 544.141357 815.971497
775.899414 925.511047 836.021118 961.739868
247.962311 193.564056 260.806885 213.658142
727.275757 615.894409 756.336487 686.928894
939.649292 788.265259 1014.587891 863.681396
305.987488 645.644043 329.860229 663.755737
784.489014 859.441406 823.531555 903.785645
867.321472 141.796387 954.239807 186.900925
932.716187 981.453247 992.872437 1055.228638
906.964355 114.199165 916.968567 138.142563
307.763214 31.653233 341.800720 44.806740
647.547729 478.869110 721.735718 541.716858
267.134369 434.739960 305.398254 496.320923
80.384041 468.184631 150.076691 556.023193
327.626007 985.946289 359.808807 1013.491577
127.742706 101.123718 190.392517 116.565018
82.576973 142.289337 161.793671 241.348053
256.488525 769.121338 279.490631 829.903992
800.774597 411.551178 864.710754 461.900177
890.420288 312.490601 903.617004 336.670532
747.230591 349.562469 822.991455 434.047791
817.747070 393.928101 890.070984 417.011688
379.874451 938.963379 420.503296 994.648926
40.087067 925.318481 101.213913 946.358276
67.607826 337.150482 87.706306 376.319153
106.271858 256.673309 196.223190 348.307495
668.224487 487.638763 710.207642 547.916809
800.129395 390.888031 874.587341 450.150421
740.450500 446.876007 784.198242 507.113800
840.804077 67.462257 914.125427 97.323326
6.425603 43.891281 81.972214 58.077423
969.209778 296.371674 994.435669 309.685242
633.522156 281.382050 676.004395 357.963501
538.055359 249.262039 606.270996 277.827240
736.900818 2.209220 815.744019 60.541939
393.097260 481.124146 410.692383 503.143433
928.000122 459.364746 1000.257202 538.557129
526.826965 395.316010 625.880432 453.308746
439.207275 717.778503 501.386139 764.536011
14.150155 748.941956 64.221275 817.232483
30.324028 806.148560 75.195999 867.302734
55.410641 34.306820 135.129974 115.614853
36.516041 539.583923 76.156784 588.249146
20.708057 413.731842 81.392555 509.115570
873.096558 254.906418 947.672668 300.899536
650.222412 706.995239 744.208252 725.043945
424.773712 512.941406 479.579926 562.444580
261.883392 943.081421 279.677063 979.380066
749.230042 474.062561 836.682861 556.480225
508.369385 635.246094 572.095093 694.285767
174.830002 926.293762 272.534882 953.892212
340.025635 537.659790 363.007812 566.840759
792.566162 861.758728 857.740295 911.609680
568.753967 546.221924 626.653625 645.639404
59.163315 30.065117 108.083954 68.959320
973.146545 519.047791 1038.339355 594.061707
993.110352 473.840912 1050.541870 528.974121
109.086998 123.969467 123.259865 159.522003
50.263275 20.863916 103.414230 65.989922
558.523743 623.701355 622.830750 665.299438
485.460083 216.456863 566.909180 231.336121
762.678772 326.096832 776.975525 410.062622
356.161957 480.193390 379.021942 519.831177
999.241150 756.142944 1013.892822 855.454590
229.983810 578.702454 284.428619 619.218811
702.671936 540.196533 768.740845 617.960693
561.060425 102.442894 583.950623 123.205467
726.144226 746.635254 778.504883 775.679626
963.092102 264.552521 997.015747 339.871887
590.649353 313.560089 649.934509 408.773102
793.753418 690.501770 828.604187 771.871277
446.644623 327.805054 527.325806 398.701599
906.507507 279.177521 917.920410 344.003662
819.374023 638.687073 861.964355 682.926147
741.129944 505.338776 796.131592 557.393433
251.974045 970.692627 323.073120 1000.048584
235.245178 944.696777 329.920502 1029.027344
258.256897 488.449951 337.800415 503.130890
178.951706 48.825813 265.002136 115.129486
376.630829 630.351135 413.831055 665.833618
909.528687 317.924011 999.837280 393.525269
956.611084 254.432465 976.451416 327.229156
759.771301 609.355774 784.622681 620.412842
580.048401 843.893677 610.461426 927.270081
788.590454 167.648453 856.297363 181.864716
656.098450 413.894073 674.995605 499.048584
462.719879 943.862549 514.178040 1029.404053
574.213684 762.871277 595.237671 816.408081
80.795265 14.806894 109.933319 28.173466
269.239380 321.982208 345.402649 334.593170
931.337952 900.162537 945.005981 956.187317
744.056152 267.567352 783.457336 325.505554
435.215790 967.868103 497.370239 986.086365
381.762146 678.351440 475.134949 764.354858
622.213989 387.010834 693.758911 414.689331
149.882095 806.321838 221.097412 837.082825
821.128784 892.815186 855.256348 910.948303
214.797394 3.231047 235.541473 26.383230
903.393555 160.134689 972.570496 228.405167
427.702026 984.201660 453.910706 1071.864258
952.069702 759.590149 1047.950562 799.635010
437.941650 880.596436 463.989899 896.010437
267.607300 862.146667 300.699799 909.720703
668.468567 936.753540 736.803589 990.817322
829.568665 916.250488 891.765564 930.243408
919.481506 699.344238 946.626648 783.403015
859.478943 848.023193 911.808167 883.869507
832.224792 650.421082 855.733704 731.007568
410.011261 104.330933 430.642639 190.646698
984.927429 296.440338 1076.657227 329.168457
158.587036 164.692001 228.889206 249.127014
101.445534 318.190826 139.944305 411.982117
234.441269 896.618408 332.225494 920.471436
595.962708 165.881775 693.874512 216.871521
13.904923 447.122620 90.740959 533.274292
97.543732 892.721436 164.281921 948.401367
997.052368 748.550659 1039.048096 846.928833
44.991009 263.616516 76.097305 291.938538
428.308502 904.538513 441.065521 962.216370
222.729340 347.286621 274.198486 398.431976
243.905060 436.148590 308.903473 521.736694
602.030334 587.891235 638.608154 653.325439
35.013844 37.931957 86.599693 59.862137
930.653381 92.489273 998.263489 185.982788
841.039978 995.620483 932.911682 1085.363281
259.237000 144.199997 277.301819 216.079086
48.738518 120.242668 78.295479 154.674774
467.529297 678.067810 543.106750 752.096924
114.216415 339.731873 173.833603 414.194092
927.623108 846.611511 967.519470 943.248840
884.543396 794.247009 903.110901 877.614746
886.736328 735.307068 963.597534 810.806946
730.927551 652.588135 796.170227 751.702942
796.788147 703.416199 867.782043 789.513611
823.658936 895.009583 844.188416 931.216553
573.077454 845.633057 583.313477 917.489502
185.364853 553.924683 231.683502 574.093628
400.536163 735.722656 417.342407 771.379822
529.969666 170.819336 548.994568 218.322876
906.126404 843.179077 929.129822 910.513916
495.767181 758.289551 562.216858 794.619507
461.705811 304.928558 484.133179 340.611389
199.938156 255.076492 261.827911 334.647888
100.709496 579.175537 152.137344 614.922241
133.100189 863.849976 179.015793 921.877258
599.572632 474.687164 683.257080 496.345978
645.506531 918.992371 704.668884 978.639343
762.171387 690.730774 789.153198 723.945251
449.020294 815.905334 508.564758 907.870667
120.833916 688.575867 148.482086 727.445374
943.652344 772.643738 962.093262 786.636292
351.819275 554.097046 391.558533 607.739807
417.947113 729.498535 429.617126 741.075317
204.185669 837.271790 227.421265 923.744080
756.264160 693.310608 802.383423 749.969788
384.041351 590.011902 463.915039 674.987427
405.917267 326.868011 482.858154 384.275604
15.443869 939.878601 101.720963 1036.197266
712.522339 941.310913 722.833557 957.101685
495.407990 333.894287 554.841492 426.096252
63.392811 567.816833 157.171555 601.898926
405.088654 77.937050 425.643005 102.458801
771.247620 518.595703 842.428589 542.571716
108.607590 456.162476 207.559143 512.469727
783.030518 732.138306 796.745361 814.000977
672.016907 888.799316 750.198242 933.407837
830.110229 761.028625 880.509521 800.325256
94.922966 998.141907 126.421562 1022.390320
565.958740 169.748199 614.289246 267.142456
247.685257 543.164856 269.601288 554.868835
61.760551 812.188538 87.440521 837.521667
268.351074 162.572510 339.991455 177.196854
894.710815 726.169067 981.197876 787.174561
614.968384 607.426514 710.582397 657.483582
368.455200 400.147797 447.808899 451.851837
398.289642 9.470133 464.242096 106.252487
179.218338 47.588196 273.394958 96.009521
590.753052 67.696022 640.878357 136.422241
879.884583 620.058350 963.943970 643.399536
782.630859 507.774780 810.596436 578.735535
233.943817 49.473194 265.910065 135.875290
656.899780 195.336472 693.358948 207.618408
595.484253 64.587570 649.470215 164.027222
74.057709 110.427055 170.279724 143.221893
158.015259 893.318115 229.231430 970.707275
961.014099 126.016129 1007.129456 211.697021
746.074524 224.163712 845.096619 281.747192
731.938477 188.751648 760.482727 285.681061
238.224854 450.116608 321.556366 540.677795
645.453064 108.785233 738.296204 140.469589
173.372803 409.212616 204.496811 441.481354
519.639648 192.733551 574.703247 263.722473
86.051659 180.886185 134.429749 195.122101
306.902313 827.705139 396.819122 842.473022
51.868877 877.098938 114.220276 957.641602
65.850563 787.729248 143.322632 825.096008
237.845886 564.484131 265.773895 653.981018
673.269409 119.679474 694.450684 205.877274
528.892090 358.947510 547.358643 373.315369
551.681091 594.779236 627.037903 662.175171
775.665405 152.609863 847.297241 170.040955
980.315002 572.763000 1002.514038 585.659546
449.861938 717.226746 533.301147 773.640869
504.955994 565.680908 588.736938 642.533081
130.165070 18.987888 196.514145 101.296982
138.667358 750.337097 207.174255 820.417480
109.284637 744.149292 183.732849 813.636230
338.928528 442.277863 375.811401 462.591309
594.887756 983.496948 622.632324 1045.265137
556.260010 332.706207 620.924805 343.257172
49.932930 423.377960 106.898026 483.317963
989.058899 341.622345 1025.851074 362.352509
360.610260 923.791687 453.649506 978.726685
674.128845 572.734985 699.144165 653.242188
316.884247 882.928223 366.878357 951.951355
325.206116 743.077637 404.542725 835.886108
726.574585 967.568359 781.151245 1003.023499
300.274536 102.683228 336.280640 144.201904
526.061157 810.791016 617.519836 867.151855
152.413376 202.787277 219.504333 258.959412
126.578972 557.002441 137.686081 639.066162
129.737411 179.138336 192.308319 229.334290
62.066586 28.500381 81.285683 73.354919
771.578003 872.841125 809.240967 927.674866
840.409485 802.663025 920.698364 825.324585
905.346191 69.943771 959.526428 118.770439
880.734802 395.987915 975.922241 408.971252
598.775208 580.871521 657.930664 656.153381
137.873932 558.473022 195.219513 592.558044
737.611389 110.183174 811.892334 192.154190
138.683563 816.667419 165.509125 908.590942
689.508545 494.317139 736.265808 552.009766
296.980133 189.401352 367.334320 217.610733
259.345154 161.493530 326.381195 184.100723
557.481445 580.261292 583.071960 604.324402
161.132812 719.399902 250.477783 756.310486
277.872986 407.672791 338.868622 419.066376
517.855957 280.851074 601.220581 349.939636
97.518494 2.113048 158.530594 82.945480
496.430176 975.215210 534.955200 1056.622192
164.616577 987.547119 264.232880 1035.703613
149.040588 629.470520 209.804337 703.057495
209.731857 737.269775 297.381958 780.647583
456.669647 744.389526 526.958069 820.498352
152.062347 236.489517 229.564789 306.782166
517.340576 565.189392 556.721802 630.526733
567.302490 893.258850 613.472229 908.994812
868.474060 718.831177 955.616943 731.809326
706.378235 852.879761 757.512939 939.867432
482.350281 21.094023 542.924988 93.381424
758.363770 424.719604 774.028992 454.072601
169.109161 732.818237 264.571014 771.723694
969.307800 699.603149 1068.505859 753.401489
264.792542 317.547607 283.928223 402.436157
210.806473 503.393585 301.430969 520.528809
222.224731 752.970703 242.338135 846.544983
605.850403 569.423584 686.412354 587.361633
590.517578 345.962677 670.743042 387.362000
770.682251 843.229736 831.434570 937.810974
576.047974 513.490845 609.534668 572.572876
213.093994 252.052719 225.974365 305.062500
569.600342 133.511536 607.498657 213.748154
636.905090 205.809219 724.276978 293.130920
958.779846 972.058594 1039.675781 1032.875366
541.482178 571.754578 610.236938 593.634583
917.717224 433.113831 970.996521 505.069794
276.343536 44.795929 342.880737 131.511169
558.286804 889.153809 604.084045 968.578064
141.206589 429.751282 173.640656 503.723907
563.262817 559.248840 617.472046 587.263977
765.058105 350.901123 780.394897 426.046539
322.959686 847.030518 358.921814 934.830261
418.785065 941.299255 518.464783 981.584473
374.413116 477.322723 386.654266 545.890808
522.118713 653.092712 577.402039 670.329224
542.246582 900.895325 628.907349 972.406128
330.646576 101.053596 376.129974 191.505432
660.302490 885.473877 678.769470 933.756348
236.374985 153.375061 259.802856 213.715179
0.405591 437.666779 48.545475 485.393951
378.966034 420.218140 456.978394 498.022278
897.540894 780.594788 943.913086 828.364136
433.687439 907.283813 488.693298 1005.117859
808.179138 351.851288 877.523987 374.345612
452.904877 53.647278 465.851044 73.835938
939.121155 126.812431 997.592285 152.607086
280.187500 687.766418 356.322266 723.019775
125.433205 158.607315 198.413742 214.003250
578.825500 455.476746 612.025574 508.349701
236.071487 661.914185 326.713806 732.192505
569.197998 396.090820 637.310364 440.054779
747.942139 305.080109 804.400391 333.156342
358.727386 548.938049 396.992279 585.744446
675.750427 852.622192 728.351440 948.656616
540.388672 208.175476 571.676453 278.099426
366.782776 936.314819 392.102661 1031.419556
391.791534 427.999512 439.769257 494.507172
89.913658 318.000397 126.699631 387.320435
714.091248 943.314880 727.375244 994.897888
248.395020 552.691772 318.054260 617.332764
101.629761 976.934753 193.077148 1056.898926
829.556946 378.315643 905.555603 421.610748
586.491150 969.849243 599.710205 1065.643921
906.164062 205.988556 997.063477 242.804550
633.988098 320.856720 727.311768 396.007874
638.857117 223.440506 683.328308 265.205872
166.755402 419.502258 250.103760 466.865784
972.194031 477.862122 984.198608 494.506256
454.796844 927.243896 541.405212 962.835754
305.559509 584.522156 374.446472 674.806702
554.371338 690.066833 640.450562 741.515015
896.055420 744.206787 974.319580 801.910706
65.063515 684.309509 97.918579 757.662354
907.750000 636.958557 922.868225 653.664062
56.460785 871.850769 110.529816 884.429688
349.712921 511.928741 368.935974 594.334595
439.172638 953.682556 457.170349 1030.708496
538.204651 743.162903 605.515137 761.494751
433.229767 482.107422 493.009796 521.743103
226.314224 311.602386 313.653809 347.826385
995.911926 113.273735 1095.488770 204.603302
750.232300 52.167408 848.267334 134.769791
924.018188 467.823242 1009.199463 502.459045
979.752014 937.826416 996.793701 985.529663
891.508911 167.104431 916.238037 215.778656
910.267334 800.439575 967.273376 841.354309
282.547028 75.401085 353.097412 131.198593
387.003448 532.110840 469.024963 576.573242
645.384583 795.537354 681.176514 841.142883
847.704773 264.744598 875.912659 344.199677
732.567871 37.657772 746.658752 111.766556
975.484192 123.694954 997.296204 211.724335
290.799408 294.901215 327.503021 322.997223
95.340820 818.996399 154.351562 863.006287
894.397461 217.346161 984.204895 252.672241
749.457031 686.988037 819.245483 732.523804
482.525452 950.893433 563.666687 990.614136
215.638092 992.768433 234.813873 1088.106934
30.426159 147.407211 99.873474 157.939148
271.102203 791.770142 359.663513 852.341309
86.671394 169.610107 165.338547 195.991211
988.606445 307.532227 1048.997437 397.002563
524.878357 446.649170 549.674805 481.339355
133.637253 828.721069 203.863190 894.175720
779.614502 459.635468 874.789856 559.208191
452.403839 48.346004 547.315125 101.800705
195.753235 603.984314 249.739868 656.001282
395.754456 361.643738 408.342590 415.062073
531.253845 791.725342 601.053284 848.512756
99.257545 224.338150 145.515320 290.510376
670.987305 567.269043 761.849731 649.685242
395.990082 567.648315 443.860931 593.452759
27.283766 367.180115 52.660912 420.351990
415.526123 114.315742 512.152710 179.330872
718.300049 451.257935 735.332153 471.522827
812.901672 106.891724 876.584900 147.865723
898.617004 260.918396 986.378418 360.727112
485.256561 266.880127 551.237488 290.942078
834.149170 520.481812 930.627319 551.194336
88.130150 381.655701 134.647095 402.042969
748.835815 576.601013 812.394958 601.393555
690.916748 557.619080 770.724487 604.448608
8.877054 853.776001 65.971466 937.736084
960.667725 119.751610 985.601807 207.087234
380.670013 29.950150 467.814362 117.883537
296.830261 479.169861 308.825592 500.958008
999.651672 983.038879 1042.152344 1000.939270
364.694611 766.862488 392.982239 787.080200
343.463531 798.297302 378.473846 811.391541
355.916382 53.533588 405.840118 96.364998
907.309570 966.868408 934.101074 1054.986328
86.620003 352.506470 162.073578 404.562561
382.456604 584.421387 422.446106 655.557190
63.591240 355.387085 146.515198 371.078949
338.425995 171.384964 362.018219 244.665817
938.247437 354.220520 1021.746033 389.574524
152.517792 94.543388 190.966003 150.302460
148.076981 759.688354 236.667480 774.673157
726.556763 59.799812 819.659485 142.985718
412.306244 650.625854 447.548248 732.154541
235.047287 613.683411 287.711761 650.560852
969.070496 284.316040 1011.639832 321.990723
455.700989 512.906189 466.656525 558.361572
867.126770 827.268188 937.936096 839.036194
921.811584 991.750732 979.338684 1008.040710
751.439087 401.306366 772.713867 454.325989
461.106140 48.638950 497.311676 137.246063
699.264832 571.639465 769.400635 665.727539
185.322906 142.225021 216.288467 166.120422
426.541046 594.832092 478.111145 684.233887
107.738312 472.507019 142.595459 570.244873
299.775177 951.849854 399.281036 981.792664
943.600586 522.588318 979.833374 595.141907
923.894653 416.750397 949.467834 461.400452
465.389374 464.208221 498.646576 489.027100
35.847698 926.588501 54.754669 956.493835
68.813522 331.916962 112.614288 386.498871
926.749023 837.453918 970.732727 850.557800
309.960938 653.787048 320.802643 718.663330
605.636963 3.861987 690.455994 63.293369
526.450256 122.798172 558.435181 173.329224
539.548584 417.312775 624.729675 427.757202
881.520996 93.758926 906.784302 186.322113
20.347431 268.558472 42.815964 286.582947
600.475403 514.103271 663.081787 571.553467
351.557159 962.112183 412.111237 1031.648804
615.899292 571.064209 650.312195 601.002441
574.926270 102.577087 654.295898 121.700974
225.375259 15.051023 285.030182 93.894173
432.363770 387.067139 511.651337 425.316772
480.826080 939.453918 511.638885 994.559509
208.012375 369.792694 271.142487 452.556610
883.895996 174.850006 924.110107 206.040787
136.962173 897.424072 227.689590 975.181580
468.488373 168.225464 566.184143 182.132782
270.802551 745.171570 293.833740 799.827576
760.222534 696.512573 793.721680 723.845337
83.579704 30.963451 139.162109 91.759972
970.417358 737.724487 986.319519 763.783142
107.517220 655.913757 206.339798 755.140930
830.763733 322.629852 861.181702 419.725189
220.053955 123.837616 294.906830 195.806427
292.063080 694.985107 367.939209 755.643005
440.156647 876.748108 455.470551 904.782227
573.260681 320.145142 618.627563 389.260773
351.108582 899.436584 381.020721 938.373901
637.161072 286.825378 692.157104 363.846436
942.739136 486.873260 1018.987366 566.488525
809.503052 962.957886 886.213623 975.618042
86.795479 461.816223 161.424423 505.913483
156.801331 450.056335 251.556519 513.782532
326.804413 0.767693 408.564758 91.773552
320.912842 190.302612 381.034332 260.784546
89.739197 778.151489 189.158463 853.572510
64.976921 493.503082 117.418991 504.197540
980.376343 207.670105 1060.686035 288.759247
170.627960 522.447754 254.377243 555.615845
984.264038 537.535889 1051.529419 560.231750
987.592224 578.006287 1064.014282 616.302002
578.773926 535.360413 608.075500 626.332214
725.663025 771.367065 787.116760 854.753296
549.518555 565.255554 608.325806 630.560181
58.758690 13.881107 124.757729 27.403263
221.551208 403.430542 306.162506 448.726685
925.878357 648.451050 994.342590 740.363892
185.986908 285.884674 200.595596 311.506805
863.890869 789.230957 917.808716 839.070801
324.591370 702.437439 365.403015 716.960327
473.804535 914.059814 561.713623 926.158875
479.315430 407.959137 546.719116 466.385803
421.840210 260.030212 483.789032 327.935425
663.460815 406.223694 676.662170 469.264221
54.674690 685.173279 109.628021 716.832825
971.057922 550.689087 1018.339600 635.834473
339.920105 902.216492 374.905334 972.022522
604.653931 619.965332 678.982849 637.026611
534.025208 580.422485 553.185547 591.623169
988.381592 739.600220 1048.008911 786.520203
999.630493 128.623886 1014.455688 198.302094
534.847534 89.183899 567.566284 152.240906
774.357178 751.911804 859.073730 828.999146
302.600922 244.424576 364.833679 312.251465
146.641098 857.977661 184.274017 935.594238
477.943024 21.798332 562.620850 32.875473
602.220764 931.535095 614.498535 994.689331
671.135437 576.723511 681.209595 647.092407
705.347412 54.437473 745.394531 86.055023
143.621368 586.287476 228.295929 678.905518
338.199310 659.901062 407.904724 727.573059
904.325684 243.757614 939.824585 258.344635
101.735306 590.353699 183.938873 652.524780
612.152039 632.015320 675.400208 661.308899
563.550476 616.955322 645.998230 648.077026
193.678879 805.799438 285.169556 896.711792
860.236938 239.308960 882.766846 249.656204
825.596436 968.938538 918.561768 993.680176
628.839539 585.230469 711.253174 643.215332
828.988098 87.917236 891.559998 181.682343
678.270935 386.393799 734.207092 422.531860
18.409107 102.048309 73.840729 164.424683
719.003662 309.771118 802.501770 401.912537
115.570557 722.097290 198.624359 819.919983
961.406250 950.930176 1059.576172 1031.760376
919.868652 901.502625 1015.440491 960.886353
486.733093 755.394470 504.101715 793.809387
843.311646 666.005432 875.491638 722.947876
52.399239 756.846313 135.479752 773.219055
858.894653 316.801544 927.643799 378.812378
626.572693 469.413422 680.724976 546.206299
191.510727 302.289764 266.126282 326.052277
253.219910 697.616455 347.812683 723.194397
599.119080 890.718079 674.080811 908.444763
646.112549 803.670288 692.254150 857.718445
469.675751 648.017883 480.666382 705.004639
404.864197 823.012512 468.223694 856.750793
139.814087 245.651260 225.563232 324.626068
715.064697 332.238007 770.832397 423.829773
634.527832 226.480652 649.882141 316.377930
924.097107 999.411987 939.572388 1056.501465
890.130127 782.632996 954.946289 840.894836
586.303284 10.641579 598.613281 25.679693
658.659485 36.673759 720.684326 52.390888
859.686340 170.937363 899.141785 270.892395
416.588623 168.939651 495.518463 190.788452
501.177673 274.417114 514.618286 296.630615
500.897766 97.721092 513.008545 145.970627
97.133102 84.289368 192.472092 183.143066
866.922363 557.279358 924.037903 608.069702
567.920898 549.172729 623.749329 579.564941
585.846497 87.258812 621.955872 137.356766
258.196167 617.386536 308.249146 688.117188
786.326172 210.920349 868.905579 246.795700
485.337433 844.666809 533.426270 943.427979
942.387939 446.662445 989.398621 460.219330
530.951782 359.441101 543.362366 405.249786
916.720459 550.290100 1003.319458 603.907837
99.462837 360.304718 173.472778 431.982544
447.563538 1.325727 469.339325 74.844101
618.712219 575.875366 662.961243 622.328796
786.795654 186.982620 859.124451 221.474609
31.649464 115.751587 64.902618 213.414948
562.414062 669.598389 573.634338 688.001343
29.039509 40.342697 83.251114 135.461090
590.632812 342.340027 639.368958 414.448639
702.644714 141.623016 746.431152 165.141754
142.948746 506.247101 229.985870 584.796570
82.122429 236.512436 107.125374 324.715057
423.495056 859.241638 446.189667 910.204651
974.993225 399.419556 1023.619568 457.786194
69.017937 442.740356 135.787506 461.565521
483.083069 122.013229 497.026642 138.647659
464.353241 474.218719 543.096252 499.248535
615.841736 139.216446 654.390320 217.507599
645.463501 173.174164 702.304138 248.656891
409.686584 687.150879 473.371948 772.137207
546.392578 737.555298 582.341919 794.480042
136.974854 717.508057 152.266235 746.047424
160.248428 689.566284 197.612946 757.466125
811.579468 347.867645 886.113708 382.701599
822.086304 480.858826 871.950073 530.272339
620.075256 760.136902 647.779907 794.035400
933.311096 717.170044 1032.692383 758.039856
404.320953 589.628906 430.177094 685.193115
327.184235 464.505463 379.673187 516.279785
182.013519 530.892456 252.327194 571.696045
220.458679 974.202087 319.162079 987.085510
322.069733 702.640747 359.787109 725.614807
183.499619 750.901550 245.887207 833.223267
511.038544 778.802795 527.258789 828.794250
495.972870 62.238613 576.834106 153.265060
651.867493 963.526611 738.458130 1061.641235
428.032074 323.106720 477.921051 388.010803
853.999146 113.362701 949.706848 130.063904
87.564804 937.900940 107.149445 984.768066
640.541748 414.466919 700.382935 498.630646
165.368515 135.874863 231.853973 206.751495
914.677673 696.730042 935.545776 743.688599
758.968628 908.103943 796.953613 955.079224
871.630554 161.951797 916.720459 198.921432
485.058502 833.098755 576.932251 873.613953
946.461426 862.015686 993.677795 875.078064
799.916626 520.011536 849.846069 569.652771
934.478455 997.451477 968.283447 1016.437683
133.326355 892.115967 213.189209 906.436340
588.845947 897.010620 640.124878 938.313965
805.114502 769.598999 883.393066 840.506042
931.550781 148.538727 1029.427490 196.033569
981.637451 886.115784 1059.647461 979.644653
748.131470 169.182495 844.722717 228.506821
689.194031 405.786041 788.159607 471.916565
403.237488 253.006165 478.354248 311.296906
145.122101 499.773376 207.733215 575.830505
396.783966 43.222458 414.144409 71.393326
812.821472 840.433472 901.899414 917.427002
988.972168 855.051208 1013.460510 952.406067
741.166992 916.648560 832.050781 970.685425
85.831055 860.833801 99.192245 940.586060
266.619873 25.853058 312.502655 96.140221
278.859192 122.216965 307.437103 170.375275
621.990295 790.989075 646.205750 802.678772
834.211548 239.732086 864.072083 307.965057
80.165588 99.316429 125.392059 115.538834
954.367615 552.386841 967.944885 624.984985
469.035400 938.456116 495.670380 998.394104
799.289978 222.179733 838.980225 238.111618
248.032806 728.589050 324.251862 786.009338
850.806030 942.188416 946.384644 994.740112
733.177551 108.822708 787.418945 169.887726
348.554810 712.243530 377.852783 760.828369
811.559998 605.827332 866.367249 684.760803
158.214203 537.605713 209.745804 604.058167
476.061829 646.295410 502.452271 681.077087
868.475159 512.007507 909.188721 532.493225
240.596634 77.028870 308.502625 95.255112
19.217312 594.273254 79.995224 671.988770
703.096008 55.769772 741.876587 70.418343
768.013367 534.206055 821.246765 596.367676
140.033386 978.229431 181.128479 1015.071716
515.835083 806.963196 609.129822 906.233887
453.258636 107.613174 487.311035 146.569214
619.620728 608.510376 669.062500 695.929932
685.539246 81.641739 781.185059 155.069824
675.915039 515.819092 727.058655 559.930115
571.588867 776.935364 620.348450 817.499573
311.141357 911.033081 403.867157 961.638794
889.262512 264.676453 966.710510 311.135254
71.639671 674.919434 117.369179 732.160278
782.532654 664.243225 868.729553 710.437012
272.753632 284.873871 306.367004 381.120239
366.515625 213.990768 436.190063 227.809525
729.809875 120.200836 777.739624 157.326721
897.136169 852.103577 964.826233 880.848572
763.136658 560.176453 832.487366 628.892395
824.852905 408.874573 840.027588 499.558899
83.794029 454.491302 131.719208 542.460693
118.734520 268.023010 152.897720 313.256958
552.896851 530.850708 594.377136 623.597839
744.841431 12.830434 841.407349 65.549057
133.031265 383.284882 212.875763 395.999939
235.388474 417.050995 266.848511 516.918274
977.227478 897.897217 1045.810669 980.084473
306.771820 708.421082 379.643372 753.572021
162.912354 119.963829 196.032684 155.312042
387.986847 525.372498 458.569000 620.052002
56.223240 22.916010 143.649902 105.011833
35.746445 822.139404 70.560890 847.329407
205.424301 51.766136 233.329361 101.439285
468.817139 437.390106 518.357544 487.534119
335.287354 90.262238 367.618591 158.047562
798.683289 946.697876 811.619568 1043.241455
66.661697 289.517517 98.553528 340.435883
814.890015 916.377563 860.487915 1004.777771
939.293579 255.828506 1009.789612 353.582092
77.967918 947.894043 100.911514 983.399353
999.660217 342.762817 1074.838623 394.925781
780.152954 163.542908 872.459900 183.932541
253.805161 162.646835 331.980103 177.370789
109.344696 790.124512 120.612267 815.965088
79.642029 257.326630 146.400970 347.834503
173.704163 26.187216 252.612244 46.357010
282.015717 437.823303 299.939117 480.221832
385.717377 231.855362 453.621216 276.539337
574.618225 367.580841 661.465149 409.510254
531.123779 768.376770 583.442810 849.020386
931.023621 227.710983 1016.391174 241.344131
17.835487 851.501526 47.309212 870.274475
108.828133 847.029663 208.108994 882.457581
873.216858 757.654907 918.814575 781.625854
195.478195 483.567688 251.847656 545.875305
715.423035 158.592087 812.414612 194.695801
526.172913 820.428040 594.206055 835.584717
588.804810 115.023911 674.605103 171.808472
342.734863 679.643005 403.152588 722.094360
531.144470 776.571472 582.368774 844.169006
623.601135 450.057434 716.626587 504.771057
207.712341 318.034943 276.396912 364.322083
801.602600 167.266830 900.197327 223.799133
325.858917 950.959229 408.494934 1037.642090
771.387207 451.879364 863.226807 494.296631
566.903320 751.554199 656.105164 843.421631
431.197174 440.217163 465.515930 536.827881
216.788620 728.256409 280.996887 813.891479
178.313889 524.819214 218.662582 569.561584
842.854126 989.258362 923.883667 1057.259521
156.525146 773.602844 181.058563 827.017395
724.562073 968.549377 764.659485 1023.184814
420.428741 243.744507 507.481445 342.604401
995.298706 736.161682 1086.026001 784.546326
176.378891 167.178711 221.374268 212.563782
895.435120 991.151794 926.455261 1007.789185
515.971008 570.764954 567.350769 613.059204
560.023315 248.991974 570.318665 323.481323
22.594816 164.764435 50.498741 242.008545
133.313828 533.348450 165.193390 593.185303
777.092957 99.247482 835.789673 178.762726
835.409241 438.044800 863.309143 449.105743
605.223450 587.724976 651.669434 642.784241
578.876770 638.512878 640.573486 657.049194
209.277832 34.182827 260.108398 113.419922
283.174774 456.954956 336.901245 494.474213
621.719421 684.782104 636.482788 762.735107
218.130508 296.032654 255.920334 395.602783
395.280151 849.850403 474.365509 880.612427
287.895203 966.502563 319.718170 1056.883301
554.227600 647.433105 599.667542 669.412476
285.945984 968.184875 316.461670 1022.755005
2.367735 681.625122 36.174980 717.323975
138.580109 750.374512 201.798203 828.801453
435.156555 644.238647 491.536499 713.034485
940.271301 824.108521 1008.637268 864.308167
673.958984 416.125641 734.920654 512.692505
382.628235 808.718323 469.575806 903.035339
